1750279350380 0.05128205128205128 10
1750279495067 0.10256410256410256 20
1750279636435 0.15384615384615385 30
1750279752204 0.20512820512820512 40
1750279853159 0.2564102564102564 50
1750279975651 0.3076923076923077 60
1750280083415 0.358974358974359 70
1750280186420 0.41025641025641024 80
1750280290619 0.46153846153846156 90
1750280404495 0.5128205128205128 100
1750280553523 0.5128205128205128 100
1750280697435 0.5641025641025641 110
1750280815099 0.6153846153846154 120
1750280927708 0.6666666666666666 130
1750281044168 0.717948717948718 140
1750281174316 0.7692307692307693 150
1750281310153 0.8205128205128205 160
1750281431755 0.8717948717948718 170
1750281545619 0.9230769230769231 180
1750281650661 0.9743589743589743 190
1750281787628 1.0256410256410255 200
1750281926281 1.0256410256410255 200
1750282069363 1.0769230769230769 210
1750282181282 1.1282051282051282 220
1750282286732 1.1794871794871795 230
1750282385449 1.2307692307692308 240
1750282503108 1.282051282051282 250
1750282619620 1.3333333333333333 260
1750282732388 1.3846153846153846 270
1750282881345 1.435897435897436 280
1750283040583 1.4871794871794872 290
1750283190900 1.5384615384615383 300
1750283399501 1.5384615384615383 300
1750283540536 1.5897435897435899 310
1750283651429 1.641025641025641 320
1750283737392 1.6923076923076923 330
1750283820352 1.7435897435897436 340
1750283928343 1.7948717948717947 350
1750284027022 1.8461538461538463 360
1750284118096 1.8974358974358974 370
1750284201205 1.9487179487179487 380
1750284282790 2.0 390
1750284391865 2.051282051282051 400
1750284504729 2.051282051282051 400
1750284636292 2.1025641025641026 410
1750284728576 2.1538461538461537 420
1750284811432 2.2051282051282053 430
1750284896896 2.2564102564102564 440
1750284999400 2.3076923076923075 450
1750285092809 2.358974358974359 460
1750285183833 2.41025641025641 470
1750285266014 2.4615384615384617 480
1750285357088 2.5128205128205128 490
1750285460470 2.564102564102564 500
1750285573660 2.564102564102564 500
1750285704097 2.6153846153846154 510
1750285792556 2.6666666666666665 520
1750285875907 2.717948717948718 530
1750285972980 2.769230769230769 540
1750286075434 2.8205128205128203 550
1750286168468 2.871794871794872 560
1750286256485 2.9230769230769234 570
1750286338317 2.9743589743589745 580
1750286446091 3.0256410256410255 590
1750286549598 3.076923076923077 600
1750286664406 3.076923076923077 600
1750286795621 3.128205128205128 610
1750286885752 3.1794871794871793 620
1750286969621 3.230769230769231 630
1750287069894 3.282051282051282 640
1750287173007 3.3333333333333335 650
1750287267231 3.3846153846153846 660
1750287353205 3.435897435897436 670
1750287434115 3.4871794871794872 680
1750287533979 3.5384615384615383 690
1750287634597 3.58974358974359 700
1750287773532 3.58974358974359 700
1750287913576 3.641025641025641 710
1750288010784 3.6923076923076925 720
1750288105346 3.7435897435897436 730
1750288241018 3.7948717948717947 740
1750288355654 3.8461538461538463 750
1750288457132 3.8974358974358974 760
1750288551947 3.948717948717949 770
1750288643465 4.0 780
1750288767294 4.051282051282051 790
1750288874843 4.102564102564102 800
1750288991255 4.102564102564102 800
1750289120126 4.153846153846154 810
1750289203680 4.205128205128205 820
1750289293001 4.256410256410256 830
1750289396783 4.3076923076923075 840
1750289495887 4.358974358974359 850
1750289585471 4.410256410256411 860
1750289670129 4.461538461538462 870
1750289760642 4.512820512820513 880
1750289862511 4.564102564102564 890
1750289956171 4.615384615384615 900
1750290066193 4.615384615384615 900
1750290187879 4.666666666666667 910
1750290270255 4.717948717948718 920
1750290369867 4.769230769230769 930
1750290469482 4.82051282051282 940
1750290561136 4.871794871794872 950
1750290646708 4.923076923076923 960
1750290727605 4.9743589743589745 970
1750290830008 5.0256410256410255 980
1750290932230 5.076923076923077 990
1750291024120 5.128205128205128 1000
1750291130664 5.128205128205128 1000
1750291254835 5.17948717948718 1010
1750291338827 5.230769230769231 1020
1750291436435 5.282051282051282 1030
1750291533145 5.333333333333333 1040
1750291623741 5.384615384615385 1050
1750291708745 5.435897435897436 1060
1750291788893 5.487179487179487 1070
1750291893107 5.538461538461538 1080
1750291989303 5.589743589743589 1090
1750292080205 5.641025641025641 1100
1750292190673 5.641025641025641 1100
1750292308747 5.6923076923076925 1110
1750292392100 5.743589743589744 1120
1750292498596 5.794871794871795 1130
1750292595262 5.846153846153846 1140
1750292685487 5.897435897435898 1150
1750292769667 5.948717948717949 1160
1750292849234 6.0 1170
1750292956424 6.051282051282051 1180
1750293052822 6.102564102564102 1190
1750293145561 6.153846153846154 1200
1750293251254 6.153846153846154 1200
1750293370602 6.205128205128205 1210
1750293456052 6.256410256410256 1220
1750293558994 6.3076923076923075 1230
1750293653769 6.358974358974359 1240
1750293742821 6.410256410256411 1250
1750293825658 6.461538461538462 1260
1750293916959 6.512820512820513 1270
1750294020750 6.564102564102564 1280
1750294117821 6.615384615384615 1290
1750294207879 6.666666666666667 1300
1750294325756 6.666666666666667 1300
1750294443887 6.717948717948718 1310
1750294545141 6.769230769230769 1320
1750294652649 6.82051282051282 1330
1750294745291 6.871794871794872 1340
1750294831428 6.923076923076923 1350
1750294913279 6.9743589743589745 1360
1750295018791 7.0256410256410255 1370
1750295120108 7.076923076923077 1380
1750295212867 7.128205128205128 1390
1750295299545 7.17948717948718 1400
1750295410069 7.17948717948718 1400
1750295527943 7.230769230769231 1410
1750295626310 7.282051282051282 1420
1750295724804 7.333333333333333 1430
1750295816985 7.384615384615385 1440
1750295903004 7.435897435897436 1450
1750295982335 7.487179487179487 1460
1750296086511 7.538461538461538 1470
1750296182748 7.589743589743589 1480
1750296274244 7.641025641025641 1490
1750296360533 7.6923076923076925 1500
1750296468068 7.6923076923076925 1500
1750296586933 7.743589743589744 1510
1750296697471 7.794871794871795 1520
1750296794206 7.846153846153846 1530
1750296885155 7.897435897435898 1540
1750296969829 7.948717948717949 1550
1750297057577 8.0 1560
1750297171677 8.051282051282051 1570
1750297273086 8.102564102564102 1580
1750297363737 8.153846153846153 1590
1750297447333 8.205128205128204 1600
1750297555386 8.205128205128204 1600
1750297670491 8.256410256410255 1610
1750297770844 8.307692307692308 1620
1750297864025 8.35897435897436 1630
1750297952733 8.41025641025641 1640
1750298035506 8.461538461538462 1650
1750298130254 8.512820512820513 1660
1750298233080 8.564102564102564 1670
1750298327113 8.615384615384615 1680
1750298414637 8.666666666666666 1690
1750298498964 8.717948717948717 1700
1750298606612 8.717948717948717 1700
1750298734683 8.76923076923077 1710
1750298831228 8.820512820512821 1720
1750298922055 8.871794871794872 1730
1750299009204 8.923076923076923 1740
1750299091747 8.974358974358974 1750
1750299191319 9.025641025641026 1760
1750299291148 9.076923076923077 1770
1750299385362 9.128205128205128 1780
1750299472415 9.179487179487179 1790
1750299552742 9.23076923076923 1800
1750299658792 9.23076923076923 1800
1750299789426 9.282051282051283 1810
1750299889664 9.333333333333334 1820
1750299982182 9.384615384615385 1830
1750300068224 9.435897435897436 1840
1750300147926 9.487179487179487 1850
1750300252183 9.538461538461538 1860
1750300352448 9.58974358974359 1870
1750300441875 9.64102564102564 1880
1750300526716 9.692307692307692 1890
1750300609383 9.743589743589745 1900
1750300717679 9.743589743589745 1900
1750300855927 9.794871794871796 1910
1750300952280 9.846153846153847 1920
1750301042086 9.897435897435898 1930
1750301124981 9.948717948717949 1940
1750301207241 10.0 1950
1750301271039 10.0 1950
