1750279350380 20.869457244873047 10
1750279495067 31.409170150756836 20
1750279636435 44.708011627197266 30
1750279752204 26.43978500366211 40
1750279853159 6.421541690826416 50
1750279975651 3.391721487045288 60
1750280083415 1.2865440845489502 70
1750280186420 2.517777681350708 80
1750280290619 4.892849445343018 90
1750280404495 2.5438127517700195 100
1750280697435 1.3795480728149414 110
1750280815099 1.6796181201934814 120
1750280927708 2.2178921699523926 130
1750281044168 1.9259575605392456 140
1750281174316 1.518805742263794 150
1750281310153 2.151021718978882 160
1750281431755 1.9901074171066284 170
1750281545619 2.362217903137207 180
1750281650661 2.854404926300049 190
1750281787628 1.8983651399612427 200
1750282069363 1.4693683385849 210
1750282181282 1.5527665615081787 220
1750282286732 2.2390758991241455 230
1750282385449 1.921404242515564 240
1750282503108 2.6793899536132812 250
1750282619620 2.1461575031280518 260
1750282732388 2.366974115371704 270
1750282881345 1.8249911069869995 280
1750283040583 2.909390449523926 290
1750283190900 1.961954116821289 300
1750283540536 3.072439432144165 310
1750283651429 1.852989912033081 320
1750283737392 1.7034398317337036 330
1750283820352 2.525195360183716 340
1750283928343 3.5803017616271973 350
1750284027022 1.4186688661575317 360
1750284118096 1.9036767482757568 370
1750284201205 2.756943941116333 380
1750284282790 1.8010289669036865 390
1750284391865 3.267008066177368 400
1750284636292 1.8259522914886475 410
1750284728576 1.9786304235458374 420
1750284811432 2.0543673038482666 430
1750284896896 2.6184940338134766 440
1750284999400 2.213958263397217 450
1750285092809 1.7605690956115723 460
1750285183833 4.5657830238342285 470
1750285266014 1.522169589996338 480
1750285357088 1.9071987867355347 490
1750285460470 2.1329939365386963 500
1750285704097 1.6571760177612305 510
1750285792556 2.3459057807922363 520
1750285875907 4.029977321624756 530
1750285972980 2.393702983856201 540
1750286075434 1.819770097732544 550
1750286168468 4.824487686157227 560
1750286256485 4.780488967895508 570
1750286338317 2.9804232120513916 580
1750286446091 1.6999866962432861 590
1750286549598 1.4627207517623901 600
1750286795621 1.6712806224822998 610
1750286885752 4.770287036895752 620
1750286969621 2.898790121078491 630
1750287069894 2.1299140453338623 640
1750287173007 2.3179104328155518 650
1750287267231 1.7073173522949219 660
1750287353205 1.8663440942764282 670
1750287434115 3.0281190872192383 680
1750287533979 1.8684046268463135 690
1750287634597 1.9177708625793457 700
1750287913576 1.3642674684524536 710
1750288010784 2.751518964767456 720
1750288105346 4.225185871124268 730
1750288241018 1.5050493478775024 740
1750288355654 2.5432400703430176 750
1750288457132 2.8163323402404785 760
1750288551947 2.47819447517395 770
1750288643465 3.9682023525238037 780
1750288767294 1.6524991989135742 790
1750288874843 2.735910177230835 800
1750289120126 2.7178080081939697 810
1750289203680 1.6964505910873413 820
1750289293001 1.9160265922546387 830
1750289396783 2.202566623687744 840
1750289495887 2.054969072341919 850
1750289585471 2.16937518119812 860
1750289670129 4.490067005157471 870
1750289760642 3.274430751800537 880
1750289862511 2.039503812789917 890
1750289956171 1.6539794206619263 900
1750290187879 0.926184356212616 910
1750290270255 2.603912830352783 920
1750290369867 2.063068151473999 930
1750290469482 2.2190239429473877 940
1750290561136 4.8289475440979 950
1750290646708 3.898500680923462 960
1750290727605 3.995615243911743 970
1750290830008 1.0725494623184204 980
1750290932230 3.598240375518799 990
1750291024120 2.8728580474853516 1000
1750291254835 2.873584270477295 1010
1750291338827 1.9560226202011108 1020
1750291436435 2.2464218139648438 1030
1750291533145 1.5555670261383057 1040
1750291623741 1.5866032838821411 1050
1750291708745 3.2862727642059326 1060
1750291788893 9.706390380859375 1070
1750291893107 1.8578795194625854 1080
1750291989303 1.3773376941680908 1090
1750292080205 2.5079867839813232 1100
1750292308747 3.5228710174560547 1110
1750292392100 2.327331066131592 1120
1750292498596 1.1575409173965454 1130
1750292595262 1.4107615947723389 1140
1750292685487 1.3063724040985107 1150
1750292769667 2.6510796546936035 1160
1750292849234 4.492313385009766 1170
1750292956424 1.054022192955017 1180
1750293052822 2.4960215091705322 1190
1750293145561 2.5647501945495605 1200
1750293370602 1.6563777923583984 1210
1750293456052 1.938130259513855 1220
1750293558994 1.5566872358322144 1230
1750293653769 2.0100555419921875 1240
1750293742821 2.9311115741729736 1250
1750293825658 13.836908340454102 1260
1750293916959 1.7592324018478394 1270
1750294020750 1.6991139650344849 1280
1750294117821 2.6291894912719727 1290
1750294207879 5.144926071166992 1300
1750294443887 3.2400903701782227 1310
1750294545141 1.4745227098464966 1320
1750294652649 0.9700299501419067 1330
1750294745291 2.4752087593078613 1340
1750294831428 1.6284215450286865 1350
1750294913279 1.2248141765594482 1360
1750295018791 1.5910868644714355 1370
1750295120108 1.696341633796692 1380
1750295212867 1.4432451725006104 1390
1750295299545 1.807217001914978 1400
1750295527943 7.057347297668457 1410
1750295626310 3.006174325942993 1420
1750295724804 1.1113308668136597 1430
1750295816985 2.6203155517578125 1440
1750295903004 3.2929320335388184 1450
1750295982335 2.3445396423339844 1460
1750296086511 1.6083635091781616 1470
1750296182748 1.1252046823501587 1480
1750296274244 3.422806978225708 1490
1750296360533 1.0239782333374023 1500
1750296586933 3.9083809852600098 1510
1750296697471 2.387216091156006 1520
1750296794206 1.6962225437164307 1530
1750296885155 2.5011844635009766 1540
1750296969829 4.806766986846924 1550
1750297057577 2.7668635845184326 1560
1750297171677 1.0666111707687378 1570
1750297273086 1.1370245218276978 1580
1750297363737 3.5784873962402344 1590
1750297447333 1.9160242080688477 1600
1750297670491 1.1642107963562012 1610
1750297770844 1.9980416297912598 1620
1750297864025 1.6827577352523804 1630
1750297952733 2.500870704650879 1640
1750298035506 2.827054500579834 1650
1750298130254 0.7790918946266174 1660
1750298233080 2.231999158859253 1670
1750298327113 1.0253791809082031 1680
1750298414637 1.8290566205978394 1690
1750298498964 4.054519176483154 1700
1750298734683 0.9135221242904663 1710
1750298831228 1.1254292726516724 1720
1750298922055 1.2403658628463745 1730
1750299009204 1.6394761800765991 1740
1750299091747 2.316105842590332 1750
1750299191319 2.5322751998901367 1760
1750299291148 1.7663781642913818 1770
1750299385362 1.1503621339797974 1780
1750299472415 1.928147554397583 1790
1750299552742 1.2936387062072754 1800
1750299789426 4.9246110916137695 1810
1750299889664 1.0593953132629395 1820
1750299982182 1.9968843460083008 1830
1750300068224 3.7202091217041016 1840
1750300147926 3.471778154373169 1850
1750300252183 4.222756385803223 1860
1750300352448 1.7221134901046753 1870
1750300441875 0.7278247475624084 1880
1750300526716 1.430430293083191 1890
1750300609383 1.6232868432998657 1900
1750300855927 1.4766544103622437 1910
1750300952280 1.4026068449020386 1920
1750301042086 1.8455835580825806 1930
1750301124981 0.6470564603805542 1940
1750301207241 0.9009512662887573 1950
