1750279350380 2.6999999999999996e-05 10
1750279495067 5.6999999999999996e-05 20
1750279636435 8.699999999999999e-05 30
1750279752204 0.000117 40
1750279853159 0.000147 50
1750279975651 0.00017699999999999997 60
1750280083415 0.00020699999999999996 70
1750280186420 0.000237 80
1750280290619 0.000267 90
1750280404495 0.00029699999999999996 100
1750280697435 0.0002985405405405405 110
1750280815099 0.0002969189189189189 120
1750280927708 0.00029529729729729727 130
1750281044168 0.00029367567567567564 140
1750281174316 0.000292054054054054 150
1750281310153 0.0002904324324324324 160
1750281431755 0.0002888108108108108 170
1750281545619 0.00028718918918918914 180
1750281650661 0.00028556756756756757 190
1750281787628 0.00028394594594594594 200
1750282069363 0.0002823243243243243 210
1750282181282 0.0002807027027027027 220
1750282286732 0.00027908108108108106 230
1750282385449 0.00027745945945945944 240
1750282503108 0.0002758378378378378 250
1750282619620 0.0002742162162162162 260
1750282732388 0.00027259459459459456 270
1750282881345 0.00027097297297297294 280
1750283040583 0.00026935135135135136 290
1750283190900 0.0002677297297297297 300
1750283540536 0.0002661081081081081 310
1750283651429 0.0002644864864864865 320
1750283737392 0.00026286486486486486 330
1750283820352 0.00026124324324324323 340
1750283928343 0.0002596216216216216 350
1750284027022 0.000258 360
1750284118096 0.00025637837837837836 370
1750284201205 0.00025475675675675673 380
1750284282790 0.0002531351351351351 390
1750284391865 0.0002515135135135135 400
1750284636292 0.0002498918918918919 410
1750284728576 0.00024827027027027023 420
1750284811432 0.00024664864864864866 430
1750284896896 0.000245027027027027 440
1750284999400 0.0002434054054054054 450
1750285092809 0.00024178378378378375 460
1750285183833 0.00024016216216216215 470
1750285266014 0.00023854054054054053 480
1750285357088 0.0002369189189189189 490
1750285460470 0.00023529729729729727 500
1750285704097 0.00023367567567567568 510
1750285792556 0.00023205405405405402 520
1750285875907 0.00023043243243243242 530
1750285972980 0.0002288108108108108 540
1750286075434 0.00022718918918918917 550
1750286168468 0.00022556756756756755 560
1750286256485 0.00022394594594594595 570
1750286338317 0.0002223243243243243 580
1750286446091 0.0002207027027027027 590
1750286549598 0.00021908108108108104 600
1750286795621 0.00021745945945945944 610
1750286885752 0.00021583783783783782 620
1750286969621 0.00021421621621621622 630
1750287069894 0.00021259459459459457 640
1750287173007 0.00021097297297297297 650
1750287267231 0.00020935135135135131 660
1750287353205 0.00020772972972972972 670
1750287434115 0.0002061081081081081 680
1750287533979 0.0002044864864864865 690
1750287634597 0.00020286486486486484 700
1750287913576 0.00020124324324324324 710
1750288010784 0.0001996216216216216 720
1750288105346 0.000198 730
1750288241018 0.00019637837837837836 740
1750288355654 0.00019475675675675674 750
1750288457132 0.0001931351351351351 760
1750288551947 0.0001915135135135135 770
1750288643465 0.00018989189189189186 780
1750288767294 0.00018827027027027026 790
1750288874843 0.00018664864864864863 800
1750289120126 0.000185027027027027 810
1750289203680 0.00018340540540540538 820
1750289293001 0.00018178378378378378 830
1750289396783 0.00018016216216216213 840
1750289495887 0.00017854054054054053 850
1750289585471 0.0001769189189189189 860
1750289670129 0.00017529729729729728 870
1750289760642 0.00017367567567567565 880
1750289862511 0.00017205405405405406 890
1750289956171 0.0001704324324324324 900
1750290187879 0.0001688108108108108 910
1750290270255 0.00016718918918918918 920
1750290369867 0.00016556756756756755 930
1750290469482 0.00016394594594594593 940
1750290561136 0.00016232432432432433 950
1750290646708 0.00016070270270270267 960
1750290727605 0.00015908108108108108 970
1750290830008 0.00015745945945945945 980
1750290932230 0.00015583783783783782 990
1750291024120 0.0001542162162162162 1000
1750291254835 0.0001525945945945946 1010
1750291338827 0.00015097297297297295 1020
1750291436435 0.00014935135135135135 1030
1750291533145 0.00014772972972972972 1040
1750291623741 0.0001461081081081081 1050
1750291708745 0.00014448648648648647 1060
1750291788893 0.00014286486486486487 1070
1750291893107 0.00014124324324324325 1080
1750291989303 0.00013962162162162162 1090
1750292080205 0.000138 1100
1750292308747 0.00013637837837837837 1110
1750292392100 0.00013475675675675674 1120
1750292498596 0.00013313513513513512 1130
1750292595262 0.00013151351351351352 1140
1750292685487 0.0001298918918918919 1150
1750292769667 0.00012827027027027027 1160
1750292849234 0.00012664864864864864 1170
1750292956424 0.000125027027027027 1180
1750293052822 0.0001234054054054054 1190
1750293145561 0.00012178378378378378 1200
1750293370602 0.00012016216216216216 1210
1750293456052 0.00011854054054054054 1220
1750293558994 0.00011691891891891891 1230
1750293653769 0.00011529729729729729 1240
1750293742821 0.00011367567567567567 1250
1750293825658 0.00011205405405405405 1260
1750293916959 0.00011043243243243242 1270
1750294020750 0.00010881081081081081 1280
1750294117821 0.00010718918918918918 1290
1750294207879 0.00010556756756756756 1300
1750294443887 0.00010394594594594594 1310
1750294545141 0.00010232432432432432 1320
1750294652649 0.00010070270270270269 1330
1750294745291 9.908108108108108e-05 1340
1750294831428 9.745945945945945e-05 1350
1750294913279 9.583783783783783e-05 1360
1750295018791 9.421621621621622e-05 1370
1750295120108 9.259459459459459e-05 1380
1750295212867 9.097297297297296e-05 1390
1750295299545 8.935135135135135e-05 1400
1750295527943 8.772972972972973e-05 1410
1750295626310 8.61081081081081e-05 1420
1750295724804 8.448648648648649e-05 1430
1750295816985 8.286486486486486e-05 1440
1750295903004 8.124324324324324e-05 1450
1750295982335 7.962162162162161e-05 1460
1750296086511 7.8e-05 1470
1750296182748 7.637837837837837e-05 1480
1750296274244 7.475675675675675e-05 1490
1750296360533 7.313513513513513e-05 1500
1750296586933 7.151351351351351e-05 1510
1750296697471 6.989189189189188e-05 1520
1750296794206 6.827027027027027e-05 1530
1750296885155 6.664864864864864e-05 1540
1750296969829 6.502702702702702e-05 1550
1750297057577 6.34054054054054e-05 1560
1750297171677 6.178378378378378e-05 1570
1750297273086 6.016216216216216e-05 1580
1750297363737 5.8540540540540536e-05 1590
1750297447333 5.6918918918918916e-05 1600
1750297670491 5.529729729729729e-05 1610
1750297770844 5.367567567567567e-05 1620
1750297864025 5.205405405405405e-05 1630
1750297952733 5.0432432432432426e-05 1640
1750298035506 4.881081081081081e-05 1650
1750298130254 4.718918918918919e-05 1660
1750298233080 4.556756756756756e-05 1670
1750298327113 4.394594594594594e-05 1680
1750298414637 4.2324324324324324e-05 1690
1750298498964 4.07027027027027e-05 1700
1750298734683 3.908108108108108e-05 1710
1750298831228 3.745945945945945e-05 1720
1750298922055 3.5837837837837834e-05 1730
1750299009204 3.4216216216216215e-05 1740
1750299091747 3.259459459459459e-05 1750
1750299191319 3.097297297297297e-05 1760
1750299291148 2.9351351351351348e-05 1770
1750299385362 2.772972972972973e-05 1780
1750299472415 2.6108108108108106e-05 1790
1750299552742 2.4486486486486484e-05 1800
1750299789426 2.286486486486486e-05 1810
1750299889664 2.1243243243243242e-05 1820
1750299982182 1.962162162162162e-05 1830
1750300068224 1.7999999999999997e-05 1840
1750300147926 1.6378378378378375e-05 1850
1750300252183 1.4756756756756754e-05 1860
1750300352448 1.3135135135135133e-05 1870
1750300441875 1.1513513513513512e-05 1880
1750300526716 9.891891891891891e-06 1890
1750300609383 8.270270270270269e-06 1900
1750300855927 6.648648648648648e-06 1910
1750300952280 5.0270270270270265e-06 1920
1750301042086 3.4054054054054053e-06 1930
1750301124981 1.7837837837837836e-06 1940
1750301207241 1.6216216216216215e-07 1950
