1750279350380 33.8275 10
1750279495067 31.3043 20
1750279636435 19.1719 30
1750279752204 8.896 40
1750279853159 5.3472 50
1750279975651 3.4079 60
1750280083415 3.1606 70
1750280186420 3.1598 80
1750280290619 3.1503 90
1750280404495 3.1318 100
1750280697435 3.013 110
1750280815099 2.9058 120
1750280927708 2.9985 130
1750281044168 3.0424 140
1750281174316 2.9746 150
1750281310153 2.9616 160
1750281431755 2.9317 170
1750281545619 2.9641 180
1750281650661 3.1673 190
1750281787628 3.0805 200
1750282069363 2.9687 210
1750282181282 2.873 220
1750282286732 3.0325 230
1750282385449 2.9132 240
1750282503108 3.0932 250
1750282619620 2.9174 260
1750282732388 2.8438 270
1750282881345 2.9488 280
1750283040583 2.9645 290
1750283190900 2.9354 300
1750283540536 2.8087 310
1750283651429 2.7895 320
1750283737392 2.8136 330
1750283820352 2.7706 340
1750283928343 2.8183 350
1750284027022 2.7712 360
1750284118096 2.7955 370
1750284201205 2.7989 380
1750284282790 2.8655 390
1750284391865 2.7083 400
1750284636292 2.5428 410
1750284728576 2.49 420
1750284811432 2.4812 430
1750284896896 2.5306 440
1750284999400 2.3312 450
1750285092809 2.102 460
1750285183833 1.9716 470
1750285266014 1.8604 480
1750285357088 2.0339 490
1750285460470 1.931 500
1750285704097 1.6688 510
1750285792556 1.789 520
1750285875907 1.5942 530
1750285972980 1.6828 540
1750286075434 1.7481 550
1750286168468 1.3549 560
1750286256485 1.4343 570
1750286338317 1.8715 580
1750286446091 1.6468 590
1750286549598 1.5396 600
1750286795621 1.2836 610
1750286885752 1.1513 620
1750286969621 1.5056 630
1750287069894 1.3496 640
1750287173007 1.2284 650
1750287267231 1.0537 660
1750287353205 1.0642 670
1750287434115 0.9992 680
1750287533979 1.5652 690
1750287634597 1.0361 700
1750287913576 1.1409 710
1750288010784 1.2143 720
1750288105346 1.1469 730
1750288241018 1.4233 740
1750288355654 1.1912 750
1750288457132 0.9246 760
1750288551947 1.1716 770
1750288643465 1.2619 780
1750288767294 1.3666 790
1750288874843 1.0738 800
1750289120126 0.7993 810
1750289203680 0.9517 820
1750289293001 0.9785 830
1750289396783 1.1509 840
1750289495887 0.8585 850
1750289585471 1.0564 860
1750289670129 1.158 870
1750289760642 1.1465 880
1750289862511 1.1993 890
1750289956171 0.7005 900
1750290187879 0.5893 910
1750290270255 0.6589 920
1750290369867 0.9935 930
1750290469482 0.9149 940
1750290561136 0.8115 950
1750290646708 0.7932 960
1750290727605 0.925 970
1750290830008 0.9521 980
1750290932230 0.84 990
1750291024120 0.6987 1000
1750291254835 0.7797 1010
1750291338827 0.7366 1020
1750291436435 1.0337 1030
1750291533145 0.9689 1040
1750291623741 0.6793 1050
1750291708745 0.7475 1060
1750291788893 0.8712 1070
1750291893107 0.9942 1080
1750291989303 0.7001 1090
1750292080205 0.6193 1100
1750292308747 0.9233 1110
1750292392100 1.0247 1120
1750292498596 1.0842 1130
1750292595262 0.8466 1140
1750292685487 0.8712 1150
1750292769667 0.6326 1160
1750292849234 0.7143 1170
1750292956424 0.8298 1180
1750293052822 0.9074 1190
1750293145561 0.6824 1200
1750293370602 0.5775 1210
1750293456052 0.6455 1220
1750293558994 0.6666 1230
1750293653769 0.6029 1240
1750293742821 0.6967 1250
1750293825658 0.6496 1260
1750293916959 0.8692 1270
1750294020750 0.9946 1280
1750294117821 0.5601 1290
1750294207879 0.5172 1300
1750294443887 0.5619 1310
1750294545141 0.7996 1320
1750294652649 0.8794 1330
1750294745291 0.7022 1340
1750294831428 0.5726 1350
1750294913279 0.7627 1360
1750295018791 1.0406 1370
1750295120108 0.5691 1380
1750295212867 0.5578 1390
1750295299545 0.4047 1400
1750295527943 0.6894 1410
1750295626310 0.9271 1420
1750295724804 0.8329 1430
1750295816985 0.4989 1440
1750295903004 0.5284 1450
1750295982335 0.7386 1460
1750296086511 1.0925 1470
1750296182748 0.639 1480
1750296274244 0.6098 1490
1750296360533 0.6561 1500
1750296586933 0.476 1510
1750296697471 0.63 1520
1750296794206 0.7134 1530
1750296885155 0.5681 1540
1750296969829 0.5798 1550
1750297057577 0.4668 1560
1750297171677 0.8799 1570
1750297273086 0.9572 1580
1750297363737 0.346 1590
1750297447333 0.5647 1600
1750297670491 0.5766 1610
1750297770844 0.6452 1620
1750297864025 0.4927 1630
1750297952733 0.6596 1640
1750298035506 0.6334 1650
1750298130254 0.6861 1660
1750298233080 0.7981 1670
1750298327113 0.441 1680
1750298414637 0.3635 1690
1750298498964 0.3067 1700
1750298734683 0.5751 1710
1750298831228 0.4459 1720
1750298922055 0.3585 1730
1750299009204 0.4829 1740
1750299091747 0.4059 1750
1750299191319 0.705 1760
1750299291148 0.796 1770
1750299385362 0.2835 1780
1750299472415 0.4079 1790
1750299552742 0.4913 1800
1750299789426 0.5728 1810
1750299889664 0.5261 1820
1750299982182 0.4925 1830
1750300068224 0.5249 1840
1750300147926 0.2559 1850
1750300252183 0.5418 1860
1750300352448 0.5076 1870
1750300441875 0.3664 1880
1750300526716 0.3492 1890
1750300609383 0.7754 1900
1750300855927 0.8074 1910
1750300952280 0.3672 1920
1750301042086 0.5835 1930
1750301124981 0.3594 1940
1750301207241 0.4249 1950
